1000
225 946
732 131
834 292
758 270
825 187
256 949
503 201
602 37
47 940
857 473
715 889
568 681
931 729
672 313
201 29
768 627
507 23
597 208
183 562
333 120
923 395
393 590
505 251
231 12
726 906
484 156
706 119
712 159
292 907
922 549
130 201
848 701
424 550
819 797
902 814
925 195
232 866
786 261
673 477
794 38
410 897
952 546
895 14
788 911
57 607
773 966
889 366
394 361
583 674
322 438
529 117
971 374
440 357
994 328
595 92
426 659
319 7
347 656
727 612
170 62
558 412
332 798
608 9
210 749
67 490
120 723
4 732
577 914
14 520
856 188
45 825
633 293
485 681
954 760
808 621
683 322
382 500
366 614
123 736
690 278
445 474
85 124
233 646
533 184
703 31
548 833
947 837
961 553
594 538
28 226
246 613
116 470
273 640
118 933
631 879
141 68
213 29
524 257
761 395
517 312
304 516
563 831
226 585
437 228
742 710
388 704
303 729
457 697
736 706
519 702
200 776
234 585
496 521
436 525
411 583
136 744
637 761
419 280
351 509
53 437
746 68
919 588
777 735
39 491
942 161
257 805
101 657
427 507
695 336
290 91
186 799
295 113
733 839
697 791
682 394
898 758
283 726
262 977
323 87
263 631
203 965
475 997
384 428
317 961
626 140
830 391
119 354
862 359
399 669
810 700
77 810
86 505
784 268
236 746
313 69
89 442
211 574
117 177
330 464
18 303
21 355
694 532
428 944
131 259
504 85
17 824
0 785
59 215
298 726
266 238
128 115
415 537
944 292
270 591
775 829
325 789
665 83
358 256
139 947
386 869
765 556
483 569
986 275
69 58
78 402
567 923
70 401
516 760
709 647
990 464
814 206
748 989
197 242
780 921
740 730
581 829
545 217
48 445
64 42
549 38
151 711
586 997
850 416
455 2
651 958
113 392
840 560
833 880
881 865
148 381
723 69
800 691
669 718
677 70
43 972
772 214
371 361
809 105
588 622
465 277
793 329
16 562
666 403
531 129
896 27
281 688
613 186
154 538
398 669
190 945
159 878
863 637
285 983
373 521
674 999
161 795
667 596
699 251
149 974
153 581
719 656
81 576
489 218
278 291
623 569
573 500
610 317
469 154
499 112
713 709
137 944
260 794
230 600
506 748
157 35
252 705
133 249
877 312
973 895
718 240
145 909
870 305
461 696
890 280
570 728
969 532
918 118
783 139
781 685
930 397
224 711
901 826
412 636
282 871
643 682
868 678
866 652
195 332
582 141
823 605
348 594
859 202
10 148
65 114
312 146
820 257
417 386
277 300
752 564
815 86
466 952
32 451
985 786
710 458
61 5
749 917
326 783
134 371
638 499
561 846
381 600
953 498
801 460
160 915
750 747
36 419
735 814
425 825
472 70
687 938
115 633
968 740
345 28
251 320
603 964
105 712
522 612
596 136
194 390
770 84
992 129
487 789
980 411
175 237
556 291
993 550
79 73
261 255
434 333
391 241
536 320
714 787
518 653
873 488
544 629
91 462
929 884
907 592
41 904
802 455
162 27
906 675
34 912
491 171
515 355
933 112
796 860
30 403
15 475
169 16
846 873
327 137
390 846
836 260
880 319
679 892
841 368
904 101
127 118
945 598
227 542
385 638
811 204
25 918
916 158
557 527
759 830
511 153
798 400
686 884
883 376
143 271
609 383
193 787
165 548
250 254
173 253
858 665
52 579
739 826
612 730
350 273
174 551
799 728
670 272
132 476
974 263
958 924
286 910
987 707
92 100
523 498
135 274
376 245
463 802
144 703
181 164
221 574
893 359
887 758
495 508
622 327
302 481
423 963
646 259
745 527
433 523
240 96
180 16
789 555
389 687
767 380
620 246
272 511
429 989
559 693
401 586
334 696
367 301
648 636
9 116
743 81
763 943
37 62
3 778
359 207
774 481
976 750
379 966
19 322
430 965
816 54
479 416
747 53
269 643
999 890
104 419
656 265
449 164
6 183
168 73
872 667
431 283
640 309
912 987
795 570
46 58
541 46
502 357
903 983
409 406
634 468
542 349
464 157
167 427
253 769
754 604
555 153
760 127
152 210
660 518
205 662
652 999
404 351
318 365
497 543
837 529
835 790
615 886
839 596
641 815
684 648
600 618
913 469
73 617
970 337
129 990
164 923
243 233
644 104
943 806
185 15
418 955
599 798
528 822
258 55
490 849
84 604
460 897
50 828
618 948
66 254
649 266
349 410
915 899
853 234
60 839
700 840
981 885
124 836
605 672
184 679
879 197
630 48
492 615
782 571
163 426
444 377
584 844
546 541
341 306
275 299
331 567
422 676
939 748
462 523
62 11
711 98
420 267
346 530
202 128
869 947
538 695
7 343
289 926
335 963
338 367
534 183
995 988
38 631
374 429
93 392
474 592
805 465
510 539
284 580
215 918
23 219
590 109
537 610
448 494
826 234
291 19
927 0
964 136
191 725
935 639
126 141
259 439
897 503
336 119
962 278
960 925
402 743
921 54
249 975
832 450
601 715
606 232
983 976
187 113
744 545
471 41
948 861
214 459
288 333
729 64
421 356
8 759
909 32
932 555
172 72
109 642
535 494
977 613
569 167
20 28
222 742
928 865
207 123
543 420
562 442
378 256
657 610
532 369
276 194
998 3
797 89
785 764
482 852
680 487
31 906
884 146
724 165
500 66
179 496
35 213
361 499
645 240
580 902
365 790
585 737
751 547
625 752
639 764
628 397
607 832
676 15
150 855
316 910
99 393
138 552
320 935
950 439
865 258
364 373
405 297
737 438
369 376
271 255
441 977
592 260
301 417
98 326
791 415
362 622
305 127
383 189
756 195
140 717
478 59
731 655
693 536
941 328
103 547
963 116
121 588
757 970
527 31
860 347
659 417
339 72
446 920
564 460
90 800
88 680
22 283
107 948
307 382
565 630
459 277
94 135
198 895
363 249
803 916
871 32
822 700
228 549
627 561
5 614
1 701
818 595
24 556
621 904
377 679
212 683
310 463
56 655
220 939
885 455
380 71
299 272
849 165
514 835
13 953
453 253
96 816
691 109
892 488
867 537
629 775
734 533
392 699
636 75
217 400
432 84
730 995
26 105
847 916
824 805
705 710
494 902
910 641
403 14
908 356
874 487
435 266
937 981
476 301
82 47
501 473
692 143
508 840
51 853
668 382
27 158
108 643
957 343
972 347
294 285
591 799
509 53
899 597
753 736
831 641
110 3
955 212
241 536
975 815
914 61
604 559
664 584
658 648
843 908
74 939
486 490
861 881
632 447
512 822
265 107
206 629
353 859
95 373
864 149
721 777
572 680
696 769
40 268
242 360
480 87
521 375
199 566
539 305
329 25
828 128
807 10
397 134
267 976
44 237
452 874
29 7
12 330
663 468
204 509
315 907
787 207
717 988
178 411
87 214
551 83
33 772
414 444
274 867
176 294
766 185
111 348
967 412
357 493
438 956
571 433
956 474
355 844
702 377
481 271
855 427
978 776
779 566
708 864
324 57
458 767
219 708
237 446
100 104
146 565
593 341
554 931
550 154
827 462
155 874
671 98
188 749
598 42
771 426
309 922
158 644
762 106
171 96
764 177
58 828
926 309
707 451
938 950
473 13
934 135
576 869
979 189
470 811
408 303
245 706
611 37
255 404
297 61
456 725
688 454
63 10
352 632
102 393
966 184
525 960
287 250
647 93
678 975
55 138
989 46
387 571
488 315
552 197
722 894
838 870
924 81
372 812
894 719
208 957
878 300
624 421
741 903
965 420
655 314
776 590
354 928
520 873
72 617
988 50
300 513
229 185
685 645
587 911
578 59
370 297
991 230
982 741
698 720
716 170
891 752
996 754
813 605
755 238
451 350
112 837
817 39
616 261
778 313
540 533
650 89
553 228
196 463
498 833
701 223
728 289
642 834
653 415
888 39
882 145
368 885
223 959
526 329
248 671
513 927
97 621
280 142
244 827
635 298
147 80
279 218
574 187
842 476
792 942
76 972
886 683
725 647
342 421
254 204
876 633
49 970
946 295
845 626
209 676
344 616
337 385
177 55
589 143
936 150
442 544
654 777
413 783
829 639
790 160
321 506
575 325
122 740
416 270
192 190
493 756
83 366
917 780
920 576
182 755
662 607
951 484
940 959
218 274
400 876
71 208
617 186
769 753
997 900
900 775
689 573
844 932
114 849
311 386
11 36
308 341
477 670
738 979
343 974
851 233
75 353
293 263
106 883
619 827
720 691
579 482
306 652
268 964
166 170
467 210
821 720
406 287
447 245
454 413
911 223
80 801
450 130
681 866
443 114
812 724
356 644
375 353
675 599
142 957
407 352
704 883
959 630
264 703
614 50
247 150
560 504
468 369
949 311
806 332
2 816
566 763
296 650
547 991
235 579
125 954
395 811
852 737
314 458
189 591
984 282
340 362
239 406
328 761
238 230
396 954
68 384
854 348
54 927
156 867
905 575
661 603
875 495
804 9
216 759
439 107
42 48
530 433
